Res (Omega)	Temp. (C)
351020	0
332640 1 
315320 2 
298990 3 
283600 4 
269080 5 
255380 6 
242460 7 
230260 8 
218730 9 
207850 10 
197560 11 
187840 12 
178650 13 
169950 14 
161730 15 
153950 16 
146580 17 
139610 18 
133000 19 
126740 20 
120810 21 
115190 22 
109850 23 
104800 24 
100000 25
95447 26 
91126 27 
87022 28 
83124 29 
79422 30 
75903 31 
72560 32 
69380 33
66356 34 
63480 35 
60743 36 
58138 37 
55658 38 
53297 39 
51048 40 
48905 41 
46863 42 
44917 43 
43062 44 
41292 45 
39605 46 
37995 47 
36458 48 
34991 49 
33591 50 
32253 51 
30976 52 
29756 53 
28590 54 
27475 55 
26409 56 
25390 57 
24415 58 
23483 59 
22590 60 
21736 61 
20919 62 
20136 63 
19386 64 
18668 65 
17980 66 
17321 67
16689 68 
16083 69 
15502 70 
14945 71 
14410 72 
13897 73 
13405 74 
12932 75 
12479 76 
12043 77 
11625 78 
11223 79 
10837 80 
10467 81 
10110 82
9767.2 83 
9437.7 84 
9120.8 85 
8816.0 86 
8522.7 87 
8240.6 88 
7969.1 89 
7707.7 90 
7456.2 91 
7214.0 92 
6980.6 93 
6755.9 94 
6539.4 95 
6330.8 96 
6129.8 97 
5936.1 98 
5749.3 99 
5569.3 100